38,1
38,0
37,4
37,3
37,2
37,1
37,0
36,3
36,2
36,1
36,0
35,3
35,2
35,1
35,0
34,5
34,4
34,3
34,2
34,1
34,0
33,4
33,3
33,2
33,1
33,0
32,3
32,2
32,1
32,0
31,4
31,3
31,2
31,1
31,0
30,8
30,7
30,6
30,5
30,4
30,3
30,2
30,1
30,0
29,5
29,4
29,3
29,2
29,1
29,0
28,3
28,2
28,1
28,0
27,6
27,5
27,4
27,3
27,2
27,1
27,0
26,4
26,3
26,2
26,1
26,0
25,4
25,3
25,2
25,1
25,0
24,7
24,6
24,5
24,4
24,3
24,2
24,1
24,0
23,5
23,4
23,3
23,2
23,1
23,0
22,6
22,5
22,4
22,3
22,2
22,1
22,0
21,4
21,3
21,2
21,1
21,0
20,9
20,8
20,7
20,6
20,5
20,4
20,3
20,2
20,1
20,0
19,10
19,9
19,8
19,7
19,6
19,5
19,4
19,3
19,2
19,1
19,0
18,5
18,4
18,3
18,2
18,1
18,0
17,5
17,4
17,3
17,2
17,1
17,0
16,3
16,2
16,1
16,0
15,4
15,3
15,2
15,1
15,0
14,4
14,3
14,2
14,1
14,0
13,15
13,14
13,13
13,12
13,11
13,10
13,9
13,8
13,7
13,6
13,5
13,4
13,3
13,2
13,1
13,0
12,4
12,3
12,2
12,1
12,0
11,9
11,8
11,7
11,6
11,5
11,4
11,3
11,2
11,1
11,0
10,4
10,3
10,2
10,1
10,0
9,4
9,3
9,2
9,1
9,0
8,3
8,2
8,1
8,0
7,3
5,28
5,27
5,26
5,25
5,24
5,23
5,22
5,21
5,20
5,19
5,18
5,17
5,16
5,15
5,14
5,13
5,12
5,11
5,10
5,9
5,8
5,7
5,6
5,5
5,4
5,3
5,2
5,0
4,3
3,2
2,2
1,2
0,61
0,60
0,58
0,57
0,56
0,52
0,51
0,9
0,2
38,2
38,3
38,5
38,6
39,1
39,2
39,4
40,0
40,1
40,3
40,4
41,0
41,2
41,3
41,5
42,0
42,2
42,3
42,5
43,1
43,2
43,4
43,5
44,0
44,2
44,3
44,5
45,0
45,2
45,3
46,0
46,2
46,3
47,0
47,1
47,3
47,5
48,0
48,2
48,3
48,5
48,6
49,1
49,3
49,4
49,6
50,0
50,2
50,4
50,5
51,0
51,1
51,3
52,0
52,1
52,3
52,4
53,0
53,1
53,3
53,5
53,6
54,1
54,2
54,4
55,0
55,1
55,3
56,0
56,2
56,3
56,5
56,7
56,8
57,0
57,1
57,3
57,5
57,6
58,1
58,2
58,4
58,5
59,0
59,2
59,3
59,5
60,0
60,2
60,4
61,0
61,2
61,3
62,0
62,2
62,3
62,5
63,0
63,2
63,3
64,0
64,2
64,3
65,1
65,2
66,0
66,2
66,3
66,5
66,6
67,1
67,2
67,4
67,6
68,0
68,2
68,3
68,5
68,7
68,8
69,0
69,1
69,3
70,0
70,2
70,4
71,0
71,2
71,3
72,0
72,2
72,3
73,1
73,2
73,4
74,0
74,2
74,4
74,5
75,1
75,2
75,4
76,1
76,2
76,4
77,0
77,2
77,4
77,5
78,0
78,1
78,3
79,0
79,2
79,4
80,0
80,2
80,3
80,5
81,1
81,2
81,4
81,5
82,1
82,2
82,4
83,1
83,2
83,4
83,5
84,1
84,3
84,4
85,1
85,2
85,4
86,0
86,2
86,4
87,0
87,2
87,3
88,0
88,2
88,3
89,0
89,1
89,3
90,0
90,1
90,3
90,4
91,1
91,2
91,4
92,1
92,2
92,4
93,0
93,2
93,4
94,0
94,2
94,3
95,0
95,1
95,3
96,0
96,1
96,3
96,4
97,1
97,3
97,4
97,6
97,7
97,9
97,10
97,12
97,14
97,15
97,17
97,18
97,20
98,0
98,1
98,3
98,4
99,1
99,2
99,4
99,6
100,0
100,2
100,3
100,5
101,1
101,2
101,4
102,0
102,2
102,4
103,0
103,2
103,3
103,5
104,0
104,2
104,4
104,5
104,7
105,0
105,2
105,4
105,5
105,7
106,0
106,2
106,3
106,5
107,0
107,1
107,3
107,4
108,0
108,2
108,3
108,5
108,6
109,1
109,2
109,4
109,6
110,0
110,2
110,3
111,0
111,2
111,3
112,0
112,1
112,3
113,0
113,1
113,3
113,4
114,0
114,1
114,3
114,5
115,0
115,2
115,3
116,0
116,2
116,3
116,5
117,0
117,2
117,3
118,0
118,2
118,3
119,1
119,2
119,4
120,1
120,2
120,4
120,5
120,7
121,0
121,2
121,4
121,5
122,1
122,2
122,4
123,0
123,1
123,3
124,0
124,2
124,4
124,5
124,7
124,8
125,0
125,1
125,3
125,5
125,6
126,1
126,2
126,4
126,6
126,7
127,0
127,1
127,3
127,4
128,1
128,3
128,4
128,6
129,0
129,2
129,4
129,3
129,1
128,5
128,2
128,0
127,2
126,8
126,5
126,3
126,0
125,4
125,2
124,9
124,6
124,3
124,1
123,2
122,5
122,3
122,0
121,3
121,1
120,6
120,3
120,0
119,3
119,0
118,1
117,4
117,1
116,4
116,1
115,4
115,1
114,4
114,2
113,5
113,2
112,4
112,2
111,4
111,1
110,4
110,1
109,5
109,3
109,0
108,4
108,1
107,5
107,2
106,6
106,4
106,1
105,6
105,3
105,1
104,6
104,3
104,1
103,4
103,1
102,3
102,1
101,3
101,0
100,4
100,1
99,5
99,3
99,0
98,2
97,21
97,19
97,16
97,13
97,11
97,8
97,5
97,2
97,0
96,2
95,4
95,2
94,4
94,1
93,3
93,1
92,3
92,0
91,3
91,0
90,2
89,4
89,2
88,4
88,1
87,4
87,1
86,3
86,1
85,3
85,0
84,2
84,0
83,3
83,0
82,3
82,0
81,3
81,0
80,4
80,1
79,3
79,1
78,2
77,6
77,3
77,1
76,3
76,0
75,3
75,0
74,3
74,1
73,3
73,0
72,1
71,4
71,1
70,3
70,1
69,2
68,9
68,6
68,4
68,1
67,5
67,3
67,0
66,4
66,1
65,3
65,0
64,1
63,4
63,1
62,4
62,1
61,4
61,1
60,3
60,1
59,4
59,1
58,6
58,3
58,0
57,4
57,2
56,9
56,6
56,4
56,1
55,2
54,5
54,3
54,0
53,4
53,2
52,5
52,2
51,4
51,2
50,6
50,3
50,1
49,5
49,2
49,0
48,4
48,1
47,4
47,2
46,4
46,1
45,4
45,1
44,4
44,1
43,6
43,3
43,0
42,4
42,1
41,4
41,1
40,5
40,2
39,5
39,3
39,0
38,4
0,59
0,54
1,45
3,44
2,44
1,44
3,43
2,43
1,43
3,42
2,42
1,42
3,41
2,41
1,41
3,40
2,40
1,40
3,39
2,39
1,39
3,38
2,38
1,38
3,37
2,37
1,37
3,36
2,36
1,36
3,35
2,35
1,35
3,34
2,34
1,34
3,33
2,33
1,33
3,32
2,32
1,32
3,31
2,31
1,31
3,30
2,30
1,30
3,29
2,29
1,29
3,28
2,28
1,28
3,27
2,27
1,27
3,26
2,26
1,26
3,25
2,25
1,25
3,24
2,24
1,24
3,23
2,23
1,23
3,22
2,22
1,22
3,21
2,21
1,21
3,20
2,20
1,20
3,19
2,19
1,19
3,18
2,18
1,18
3,17
2,17
1,17
3,16
2,16
1,16
3,15
2,15
1,15
3,14
2,14
1,14
3,13
2,13
1,13
3,12
2,12
1,12
3,11
2,11
1,11
3,10
2,10
1,10
3,9
2,9
1,9
3,8
2,8
1,8
3,7
2,7
1,7
3,6
2,6
1,6
3,5
2,5
1,5
3,4
2,4
1,4
3,3
3,0
2,3
2,0
1,3
1,0
0,6
0,0
0,47
0,46
0,49
0,48
0,45
0,55
0,12
0,50
0,10
0,8
0,53
0,11
0,5
0,7
0,4
0,3
